93 10
85 11
86 26
83 31
72 36
77 42
74 51
68 47
62 62
53 68
49 69
47 69
47 77
51 77
46 72
47 81
48 74
34 70
37 78
40 78
40 86
45 78
40 79
42 86
40 89
47 78
31 80
38 85
34 79
37 80
28 82
36 84
22 95
37 85
30 93
35 88
36 93
24 92
22 91
20 95
25 92
30 90
21 96
20 91
24 92
24 96
33 97
25 94
20 96
32 95
21 95
23 97
20 99
19 96
21 95
26 100
18 96
21 100
23 95
19 97
19 97
18 99
14 98
10 100
16 99
11 99
17 99
16 98
12 99
20 99
21 100
18 97
19 99
21 100
17 100
17 100
22 100
17 98
12 99
16 99
15 100
12 99
12 100
12 100
20 99
17 100
21 100
9 100
18 99
18 98
16 100
16 100
11 100
22 100
15 98
9 100
18 99
15 100
12 98
17 99
