90 12
89 8
83 22
79 15
80 29
78 30
82 33
77 42
76 49
73 57
66 59
68 72
58 67
57 75
52 82
60 76
54 80
52 86
49 83
52 88
52 86
49 89
41 88
46 93
42 100
37 99
36 100
43 99
32 96
42 99
40 99
31 98
38 99
43 99
33 99
28 98
35 100
34 100
31 98
31 97
28 100
27 100
23 99
33 100
37 99
32 99
29 100
27 100
32 98
30 100
29 100
27 100
30 98
30 100
32 100
26 97
26 100
33 97
25 98
32 98
18 98
27 100
20 99
31 100
34 100
19 100
24 100
28 100
33 100
32 100
22 99
25 99
27 98
26 98
24 98
36 99
28 100
32 100
29 100
27 100
25 100
31 100
22 100
24 100
23 99
25 99
26 100
20 98
30 100
26 99
25 96
26 100
18 99
27 99
30 99
31 100
33 100
26 100
22 100
21 100
