86 9
87 11
82 19
84 20
74 32
57 47
70 44
67 42
59 53
54 54
54 76
57 66
56 68
49 71
56 60
39 74
41 74
39 70
37 70
42 67
36 74
34 71
42 84
37 77
37 77
34 82
45 78
39 79
48 85
34 88
32 88
37 89
27 88
31 88
23 89
32 92
24 87
32 91
30 91
25 89
30 91
23 86
29 93
17 85
19 93
23 96
21 92
20 97
17 97
25 95
14 95
25 97
26 94
29 99
22 95
24 98
25 98
23 94
28 97
19 96
18 99
23 98
16 97
12 99
21 99
16 98
21 99
17 98
19 98
12 97
14 98
26 95
19 99
24 98
15 96
15 97
20 99
19 100
24 98
19 100
12 99
17 94
14 96
13 99
22 98
19 99
21 100
19 99
25 97
18 98
11 98
16 99
8 98
18 99
13 100
19 100
11 98
18 99
16 99
23 95
