89 15
82 6
91 13
89 14
83 18
78 33
72 47
60 57
72 68
67 69
61 71
59 72
64 71
44 82
54 88
56 86
45 89
44 84
49 92
45 91
45 89
43 91
44 93
44 92
39 91
36 89
45 92
37 90
39 94
42 92
27 92
32 99
34 96
30 97
34 99
29 97
37 97
28 99
33 98
35 98
40 100
45 94
32 99
35 99
27 97
25 97
36 98
37 94
26 98
27 97
29 97
30 99
31 99
20 98
30 99
28 100
24 100
33 97
27 98
31 98
33 98
26 99
31 99
24 99
33 95
27 99
27 98
27 98
22 98
23 98
29 97
24 98
28 100
22 99
26 100
27 99
20 99
26 97
33 96
31 98
27 98
23 100
24 99
20 98
30 99
27 98
28 100
19 100
25 98
23 97
13 97
25 98
25 99
24 99
22 98
31 99
23 96
26 97
29 100
31 96
