91 11
90 14
90 28
70 29
67 36
68 43
63 61
55 66
68 60
56 65
45 72
38 72
44 65
42 65
46 71
42 68
38 74
39 75
44 71
42 78
38 78
34 78
37 81
41 77
33 74
32 79
33 84
33 86
38 85
26 80
34 87
29 87
26 92
31 87
30 90
27 95
30 91
29 97
27 96
27 88
20 92
32 91
29 93
24 94
27 95
25 96
19 92
23 92
23 95
22 97
25 92
13 98
34 93
17 94
20 93
19 95
20 96
28 92
22 96
20 96
27 99
23 96
22 99
27 96
18 97
16 97
19 94
27 96
19 91
19 96
18 98
15 95
19 97
19 97
27 95
19 96
17 99
21 92
16 96
21 95
18 100
20 97
27 98
21 98
17 98
22 96
17 98
17 99
17 96
20 97
23 97
13 96
19 97
13 96
26 97
16 95
21 95
21 98
18 97
12 98
