88 9
79 17
89 14
89 16
83 35
83 40
83 46
80 43
77 57
61 59
66 63
63 69
58 65
59 62
65 71
57 71
53 67
54 70
65 76
56 78
45 82
45 84
49 90
54 83
46 92
42 93
37 89
39 92
44 87
42 98
34 95
47 94
42 95
38 96
35 90
33 90
36 93
39 87
42 95
38 98
38 96
40 92
46 89
36 91
40 91
43 93
46 92
40 96
32 95
34 94
39 94
39 98
34 95
29 94
32 92
43 99
27 93
26 98
28 96
41 98
31 96
32 97
30 97
36 98
29 97
35 99
36 99
35 99
43 99
19 100
27 100
33 96
30 99
25 98
31 97
34 100
30 99
34 100
23 99
22 100
28 98
30 99
28 100
33 98
27 100
37 100
23 99
30 100
40 98
30 99
25 100
30 100
26 100
20 98
28 98
29 100
36 100
33 100
27 100
31 100
