85 9
85 11
81 17
78 33
65 36
70 53
58 62
54 66
49 77
50 83
47 71
35 70
35 88
40 84
40 78
35 83
30 86
33 79
41 81
43 85
26 88
39 86
29 91
28 88
35 91
28 89
38 87
34 91
30 92
23 92
27 94
27 89
33 93
24 96
27 94
26 95
23 92
19 96
27 98
23 95
29 90
27 93
22 95
22 95
18 95
21 100
10 96
25 94
15 95
26 95
12 97
20 96
22 94
22 97
19 95
11 94
19 96
12 96
22 92
21 95
20 97
19 96
16 96
24 95
17 98
23 97
18 97
16 97
17 97
15 100
22 99
18 96
15 99
21 98
22 95
24 97
17 97
16 94
21 96
17 94
16 99
23 99
14 98
19 98
19 98
16 94
14 98
16 98
14 99
23 98
15 96
13 98
21 98
17 96
20 99
14 99
11 99
21 99
13 99
23 100
