93 15
87 13
92 16
90 31
84 32
78 27
78 42
66 54
68 53
67 49
64 52
62 53
58 61
72 59
51 65
59 62
63 66
48 72
57 70
44 71
57 77
47 82
49 81
39 83
46 88
42 88
44 87
41 85
45 90
37 90
35 89
40 95
48 83
34 84
44 94
33 96
49 90
39 94
38 94
41 94
41 88
31 94
31 93
40 95
39 93
39 94
36 96
36 93
24 94
39 93
33 96
31 93
37 92
34 93
30 92
39 96
38 96
24 94
26 97
33 95
31 99
35 96
36 97
33 94
36 94
30 98
27 95
31 96
36 99
27 97
29 96
29 100
31 96
34 95
34 100
39 98
29 99
36 94
29 95
27 94
35 94
30 98
23 97
38 100
30 100
24 95
24 98
18 94
33 97
28 94
26 96
29 98
20 98
19 98
24 98
24 97
26 97
23 98
23 100
24 98
