100000 95 8
200000 92 4
300000 95 4
400000 96 5
500000 97 6
600000 98 6
700000 97 2
800000 99 1
900000 100 2
1000000 100 1
1100000 100 3
1200000 100 2
1300000 99 1
1400000 99 3
1500000 99 3
1600000 99 1
1700000 100 1
1800000 100 0
1900000 99 1
2000000 100 2
2100000 100 0
2200000 98 1
2300000 99 3
2400000 99 3
2500000 100 0
2600000 100 1
2700000 100 0
2800000 100 0
2900000 100 2
3000000 100 1
3100000 100 1
3200000 99 0
3300000 99 1
3400000 100 0
3500000 100 1
3600000 100 3
3700000 100 0
3800000 100 1
3900000 100 0
4000000 100 3
4100000 99 2
4200000 100 2
4300000 100 2
4400000 99 0
4500000 100 1
4600000 100 0
4700000 100 0
4800000 100 0
4900000 100 2
5000000 100 0
5100000 100 1
5200000 100 0
5300000 100 1
5400000 100 1
5500000 100 0
5600000 100 0
5700000 100 0
5800000 100 2
5900000 100 2
6000000 99 0
6100000 100 1
6200000 100 1
6300000 100 0
6400000 100 0
6500000 99 0
6600000 100 0
6700000 100 0
6800000 100 0
6900000 100 1
7000000 100 0
7100000 100 1
7200000 100 1
7300000 99 0
7400000 100 1
7500000 100 0
7600000 100 0
7700000 100 2
7800000 100 0
7900000 100 0
8000000 100 0
8100000 100 0
8200000 100 0
8300000 100 0
8400000 100 1
8500000 100 1
8600000 100 0
8700000 99 0
8800000 100 0
8900000 100 1
9000000 100 0
9100000 100 0
9200000 100 1
9300000 100 0
9400000 100 0
9500000 100 2
9600000 100 0
9700000 100 0
9800000 100 0
9900000 100 0
10000000 100 0
