100000 91 4
200000 89 5
300000 94 5
400000 95 2
500000 97 2
600000 97 5
700000 99 2
800000 99 0
900000 98 2
1000000 100 3
1100000 97 2
1200000 100 3
1300000 99 1
1400000 99 1
1500000 97 0
1600000 99 3
1700000 99 2
1800000 98 1
1900000 100 2
2000000 100 4
2100000 99 1
2200000 99 1
2300000 100 0
2400000 98 0
2500000 99 2
2600000 100 1
2700000 98 0
2800000 100 1
2900000 100 0
3000000 100 3
3100000 100 0
3200000 100 0
3300000 100 0
3400000 99 0
3500000 100 0
3600000 99 0
3700000 100 2
3800000 100 1
3900000 100 0
4000000 100 0
4100000 100 0
4200000 100 0
4300000 100 0
4400000 100 1
4500000 100 0
4600000 100 0
4700000 100 0
4800000 100 0
4900000 100 2
5000000 100 1
5100000 100 0
5200000 100 1
5300000 100 1
5400000 99 2
5500000 100 2
5600000 100 0
5700000 99 0
5800000 100 0
5900000 100 0
6000000 100 0
6100000 100 2
6200000 99 0
6300000 100 0
6400000 100 0
6500000 100 0
6600000 100 0
6700000 100 0
6800000 100 0
6900000 100 1
7000000 100 1
7100000 100 0
7200000 100 0
7300000 100 0
7400000 100 0
7500000 100 1
7600000 100 0
7700000 100 0
7800000 100 0
7900000 100 0
8000000 100 1
8100000 100 0
8200000 100 0
8300000 100 0
8400000 100 1
8500000 100 0
8600000 100 0
8700000 100 0
8800000 100 0
8900000 100 0
9000000 100 0
9100000 100 0
9200000 100 1
9300000 100 0
9400000 100 0
9500000 100 0
9600000 100 0
9700000 100 1
9800000 100 0
9900000 100 0
10000000 100 0
