100000 92 6
200000 96 3
300000 95 5
400000 98 5
500000 96 5
600000 100 5
700000 99 5
800000 98 6
900000 99 0
1000000 100 3
1100000 100 3
1200000 100 1
1300000 100 2
1400000 100 2
1500000 98 1
1600000 99 0
1700000 99 1
1800000 100 1
1900000 100 2
2000000 99 2
2100000 100 1
2200000 100 0
2300000 100 1
2400000 100 0
2500000 99 0
2600000 100 0
2700000 100 0
2800000 100 0
2900000 100 1
3000000 100 1
3100000 100 2
3200000 100 0
3300000 100 0
3400000 100 0
3500000 100 2
3600000 100 1
3700000 100 0
3800000 99 0
3900000 100 0
4000000 100 0
4100000 100 2
4200000 100 0
4300000 100 1
4400000 100 0
4500000 100 1
4600000 100 0
4700000 100 2
4800000 100 1
4900000 100 0
5000000 100 1
5100000 100 2
5200000 100 1
5300000 100 0
5400000 100 2
5500000 100 2
5600000 100 0
5700000 100 0
5800000 100 0
5900000 100 1
6000000 100 0
6100000 100 0
6200000 100 0
6300000 100 0
6400000 100 0
6500000 100 0
6600000 100 0
6700000 100 1
6800000 100 0
6900000 100 0
7000000 100 0
7100000 100 0
7200000 100 0
7300000 100 0
7400000 100 0
7500000 100 0
7600000 100 0
7700000 99 0
7800000 100 0
7900000 100 0
8000000 100 0
8100000 100 0
8200000 100 1
8300000 99 0
8400000 100 0
8500000 100 0
8600000 100 1
8700000 100 0
8800000 100 1
8900000 100 0
9000000 100 1
9100000 100 0
9200000 100 0
9300000 100 0
9400000 100 0
9500000 100 0
9600000 100 0
9700000 100 0
9800000 100 0
9900000 100 0
10000000 100 0
