100000 93 7
200000 94 9
300000 97 1
400000 96 8
500000 96 2
600000 99 5
700000 100 2
800000 98 2
900000 97 2
1000000 99 1
1100000 99 2
1200000 99 1
1300000 99 4
1400000 100 2
1500000 99 4
1600000 100 3
1700000 100 1
1800000 100 4
1900000 100 1
2000000 99 0
2100000 100 0
2200000 100 0
2300000 99 0
2400000 99 1
2500000 100 1
2600000 100 1
2700000 98 1
2800000 99 1
2900000 99 1
3000000 100 0
3100000 100 0
3200000 100 0
3300000 100 0
3400000 99 0
3500000 100 0
3600000 99 0
3700000 100 1
3800000 100 1
3900000 100 0
4000000 100 0
4100000 100 1
4200000 100 0
4300000 100 0
4400000 100 0
4500000 100 0
4600000 100 0
4700000 100 1
4800000 100 1
4900000 100 2
5000000 99 0
5100000 100 0
5200000 100 0
5300000 100 1
5400000 100 0
5500000 100 0
5600000 100 1
5700000 100 0
5800000 100 1
5900000 99 0
6000000 100 0
6100000 100 1
6200000 100 1
6300000 100 0
6400000 100 0
6500000 100 1
6600000 100 1
6700000 100 0
6800000 100 0
6900000 100 0
7000000 100 0
7100000 100 0
7200000 100 0
7300000 100 0
7400000 100 0
7500000 100 0
7600000 99 0
7700000 100 0
7800000 100 0
7900000 100 0
8000000 100 1
8100000 100 1
8200000 100 1
8300000 100 0
8400000 100 1
8500000 100 0
8600000 100 0
8700000 100 0
8800000 100 0
8900000 100 1
9000000 100 0
9100000 100 0
9200000 100 1
9300000 100 0
9400000 100 1
9500000 100 0
9600000 100 0
9700000 100 1
9800000 100 0
9900000 100 0
10000000 100 0
