100000 97 4
200000 95 4
300000 93 5
400000 96 2
500000 99 3
600000 99 1
700000 98 2
800000 100 0
900000 98 1
1000000 100 2
1100000 100 0
1200000 100 2
1300000 99 0
1400000 99 1
1500000 100 0
1600000 99 1
1700000 100 0
1800000 100 0
1900000 100 0
2000000 100 0
2100000 99 1
2200000 99 0
2300000 100 0
2400000 100 0
2500000 99 0
2600000 100 0
2700000 100 0
2800000 100 0
2900000 100 3
3000000 100 0
3100000 99 0
3200000 100 0
3300000 100 0
3400000 100 0
3500000 100 1
3600000 100 1
3700000 100 0
3800000 100 1
3900000 100 0
4000000 100 0
4100000 100 1
4200000 100 0
4300000 100 0
4400000 100 0
4500000 100 0
4600000 99 1
4700000 100 0
4800000 100 0
4900000 100 0
5000000 100 0
5100000 100 0
5200000 100 0
5300000 100 0
5400000 100 0
5500000 100 0
5600000 100 0
5700000 100 0
5800000 100 0
5900000 100 0
6000000 100 0
6100000 100 1
6200000 100 0
6300000 100 0
6400000 100 0
6500000 100 0
6600000 100 0
6700000 100 0
6800000 100 0
6900000 100 0
7000000 100 0
7100000 100 0
7200000 100 0
7300000 100 0
7400000 100 0
7500000 100 1
7600000 100 0
7700000 100 0
7800000 100 0
7900000 100 0
8000000 100 0
8100000 100 1
8200000 100 0
8300000 100 0
8400000 100 0
8500000 100 0
8600000 100 0
8700000 100 0
8800000 100 1
8900000 100 0
9000000 100 0
9100000 100 0
9200000 100 0
9300000 100 0
9400000 100 0
9500000 100 0
9600000 100 0
9700000 100 1
9800000 100 0
9900000 100 0
10000000 100 0
